-0.206223  0.078137
-0.177237  0.0762751
-0.103979  0.0715596
-0.00700007  0.0652956
0.0931516  0.0587883
0.180269  0.0530692
0.255523  0.0480749
0.324427  0.0434687
0.392492  0.0389135
0.464066  0.034144
0.538814  0.0291804
0.615237  0.0241147
0.691833  0.0190387
0.767434  0.0140238
0.842198  0.00906004
0.916614  0.00411687
0.991174  -0.000836132
1.06621  -0.00581935
1.14142  -0.0108129
1.21634  -0.0157867
1.29052  -0.020711
1.36379  -0.0255755
1.4372  -0.0304498
1.51211  -0.0354234
1.58986  -0.0405858
1.66956  -0.0458781
1.74142  -0.0506487
1.79336  -0.0540976